sample_ID	sample_type	B_cell	CD4_Tcell	CD8_Tcell	Neutrophil	Macrophage	Dendritic
TCGA-3Z-A93Z	01A	0.159187824379708	0.0856133622280631	0.174548212370113	0.0625272163323994	0	0.454085170275301
TCGA-6D-AA2E	01A	0	0.0939265052739128	0	0.00734675086948345	0	0.477634503991012
TCGA-A3-3306	01A	0.082356907086579	0.0698992772673912	0.103430193998075	0.11878846753117	0.058596937495409	0.267668103814959
TCGA-A3-3307	01A	0.0981475835592079	0.111430080155519	0.341838225136406	0.173047711922406	0.236089385147626	0.52438319333998
TCGA-A3-3308	01A	0.10070249085172	0.232313609625078	0.0459143077356032	0.113038120407361	0.159250371119901	0.522880484911751
TCGA-A3-3311	01A	0.182124544700181	0.126987312020723	0.208151783651543	0.133753952546003	0.204679106874716	0.604095027684639
TCGA-A3-3313	01A	0	0.0176689446356694	0	0.0151342826171862	0.00983547206364623	0.247751359577715
TCGA-A3-3316	01A	0.0212172923892185	0.151565782360744	0.0182420316577637	0.127169886889223	0.272796112837849	0.329119947922773
TCGA-A3-3317	01A	0.144660864835875	0.194168077050244	0.154809120741288	0.141485559220265	0.130648630404172	0.617453014532602
TCGA-A3-3319	01A	0.187316701421947	0.125952440489578	0.0541122258181219	0.142944827584867	0.000345674895604962	0.50687051127236
TCGA-A3-3320	01A	0.148751887088238	0.137381639749908	0.157240921332974	0.0985538040593331	0.160774787254179	0.498497101998101
TCGA-A3-3322	01A	0.0277667461219528	0.119810270991916	0	0.0856145031063986	0.104702710575214	0.290206042641816
TCGA-A3-3323	01A	0.0766158693972227	0.253468976326867	0.165737633537257	0.157405121407436	0.326620144386134	0.55098880678132
TCGA-A3-3324	01A	0.125870941230794	0.113321645381624	0.253988572460188	0.13736198757218	0.0894403216357686	0.540833772683252
TCGA-A3-3325	01A	0.141776255118538	0.159696559877128	0.0370438520202529	0.108087110102586	0.154206602876003	0.450210376565042
TCGA-A3-3326	01A	0.140733552735234	0.271854334393716	0.161559302045339	0.148078353040021	0.131984647030652	0.841343463265742
TCGA-A3-3331	01A	0.170911452689273	0.166245981017957	0.2043180178708	0.132893025139387	0.211061327839601	0.618384357390634
TCGA-A3-3335	01A	0.15971914483884	0.049956126302691	0.0031340755425499	0.0570888208137664	0	0.262938300323889
TCGA-A3-3343	01A	0.139300476612976	0.121945029511115	0.226065838276034	0.144949344125427	0.168411769312568	0.589113154015566
TCGA-A3-3346	01A	0.00291382229115989	0.0862452179351017	0.0722317476125754	0.19388348680548	0.0357805420550604	0.495211054588609
TCGA-A3-3347	01A	0.125218989031281	0.350003345994942	0.13106977679096	0.283800862563018	0.43243209462502	0.776108737779413
TCGA-A3-3349	01A	0.0242442348224662	0.217970603066157	0.303243380382192	0.167124421698464	0.266471903357562	0.418646789507432
TCGA-A3-3351	01A	0.251927204777252	0.291072686634621	0.417050430709562	0.249233021108979	0.340545764424153	1.01208622824785
TCGA-A3-3352	01A	0.0987711596650437	0.127913228395676	0.215312169983873	0.119145638988957	0.0946587297625536	0.418929782459634
TCGA-A3-3357	01A	0.250226286586316	0.0425938529156515	0.185203743687143	0.0921521239711042	0.160112806811917	0.477040147777829
TCGA-A3-3358	11	0.00883996776595606	0.00322384530863742	0	0.00111257424300485	0	0.0560472209789489
TCGA-A3-3358	01A	0.0741166275516658	0.111566648696588	0.250828248224629	0.162288391085473	0.239518279035387	0.418314769740719
TCGA-A3-3359	01A	0.0746891451510866	0.205305917332809	0.314252716207072	0.1919304586366	0.25879023948009	0.529544649632243
TCGA-A3-3362	01A	0.0903621737937869	0.145163489045153	0.0920371917896464	0.0877014070465913	0.0667749624434335	0.399386119662324
TCGA-A3-3363	01A	0.150281433833551	0.0703325288863858	0.0298521420272942	0.0954394924749235	0.211974107484416	0.331745437959505
TCGA-A3-3365	01A	0.0963395430947453	0.143372638205816	0.380491713850795	0.144963653482625	0.175504523187477	0.448670267243347
TCGA-A3-3367	01A	0.0474042603040737	0.132949342285189	0.0696810657091402	0.113528136898658	0.141603852406211	0.354822374857987
TCGA-A3-3370	01A	0.158669781515629	0.20871761828739	0.415228868970573	0.159154278860659	0.219443825105172	0.745385095188613
TCGA-A3-3372	01A	0.0719936428775533	0.192505168966786	0.239225145120823	0.193729614147667	0.157965082178068	0.466321773419518
TCGA-A3-3373	01A	0.143576806972607	0.072842247237072	0.094738578433625	0.0861067322008475	0.122313044682825	0.52004301524138
TCGA-A3-3374	01A	0.0230698119538846	0.0469779711757321	0.0420690485944736	0.0681069699503754	0.109723661444907	0.469516097184575
TCGA-A3-3376	01A	0.0186096094965404	0.353446608425399	0.29774400320936	0.235281198817867	0.426623726901046	0.580868366450891
TCGA-A3-3378	01A	0.153628095090689	0.245465908663338	0.210636993865352	0.416053932098823	0.535666454346039	0.606210735541694
TCGA-A3-3380	01A	0.0191704090328751	0.124917496214571	0.200248207679987	0.0949175637897878	0.142645612347052	0.323545080547335
TCGA-A3-3382	01A	0.058586218143553	0.122132938016765	0.23315133272351	0.158452429885839	0.162023861742072	0.378049851764065
TCGA-A3-3383	01A	0.0272677895502957	0.16022415048224	0.131816652765654	0.0804345780821496	0.0794111571851129	0.394075066830901
TCGA-A3-3385	01A	0.0427739004186675	0.0177810436047551	0	0.0336167098059304	0	0.158919030625064
TCGA-A3-3387	11	0.00808177802549758	0	0	0	0	0.0540414823005768
TCGA-A3-3387	01A	0.0963802245494091	0.168611903178258	0.149620044329751	0.22969429903763	0.407472943133032	0.601451039998634
TCGA-A3-A6NI	01A	0.15431637085447	0.0847961642657551	0.0757408438972383	0.0878058149909363	0.104848987361721	0.513714389275651
TCGA-A3-A6NJ	01A	0.208296865970176	0.172114833198729	0.559659061580297	0.184219860537193	0.0684180050553803	0.749832845565269
TCGA-A3-A6NL	01A	0.148772389893018	0.196378211352198	0.243183145832691	0.149893882677375	0.112874224771286	0.650517650487057
TCGA-A3-A6NN	01A	0.103914982880626	0.130661749626902	0.334680630164397	0.130953741574691	0.183356721956995	0.610201892749811
TCGA-A3-A8CQ	01A	0.113695099374186	0.248402537814808	0.0928204611584219	0.0965313903657035	0.0659604466694927	0.539115570998693
TCGA-A3-A8OU	01A	0.0931439529023873	0.186414253906424	0.0852449859359364	0.142676617062351	0.0981768780968402	0.368826887641163
TCGA-A3-A8OV	01A	0.0566207099971292	0.0659410197026124	0.0490555964889281	0.0677340940369871	0	0.318861065111072
TCGA-A3-A8OW	01A	0.0725357796531172	0.223035550234796	0.255005918435512	0.116293399569502	0.0388613954828167	0.453674934985774
TCGA-A3-A8OX	01A	0.214389441333222	0.290210119017879	0.160507981537028	0.12941815055097	0.139393006426417	0.590297232723552
TCGA-AK-3425	01A	0.160861160030418	0.0780729697069282	0.30590683683368	0.0974291977758872	0.152671528111033	0.675249119135129
TCGA-AK-3426	01A	0.0178511363432	0.206546196940223	0.946180513056784	0.230163811985603	0.18587946426319	0.757810343560553
TCGA-AK-3427	01A	0	0	0	0	0	0
TCGA-AK-3428	01A	0.0785428084928822	0.0127891614694046	0.158093121125203	0.143641232401024	0	0.452733529762245
TCGA-AK-3429	01A	0.190866532298375	0.0165834911564332	0.697990407934458	0.0910910538643026	0	0.66717366099343
TCGA-AK-3431	01A	0.0665812050362107	0.117784378914631	0.310448265518114	0.122260586974461	0.11115079593462	0.480666500288632
TCGA-AK-3433	01A	0.00466205573010068	0.01785034221608	0	0	0	0.0727723177904243
TCGA-AK-3434	01A	0.0688647863160298	0.0432880514774784	0.426020884108967	0.0861534258295454	0.0333611176073326	0.433848609905042
TCGA-AK-3436	01A	0.0187451740043958	0.0162230247971392	0.0514447350630184	0.00537884336022992	0	0.133733093084585
TCGA-AK-3440	01A	0	0	0	0	0	0.0326622449090851
TCGA-AK-3443	01A	0.056009916858999	0.0182528691251216	0	0	0	0.0728140264111232
TCGA-AK-3444	01A	0.128604269545147	0.0621644643321805	0.254102228164675	0.0699116172156277	0	0.367848626128445
TCGA-AK-3445	01A	0.117475180102017	0.172574024402169	0.157845360752203	0.117163479202276	0.119235191680258	0.509576827160436
TCGA-AK-3447	01A	0	0	0	0	0	0
TCGA-AK-3450	01A	0.0942300432234268	0.0587815442685261	0.132716154207064	0.122199402056586	0.117611863326009	0.271471687400191
TCGA-AK-3451	01A	0.0494200110802062	0	0.115921776082741	0.0357353304790078	0	0.227631221058091
TCGA-AK-3453	01A	0	0	0	0	0	0.0551403801558211
TCGA-AK-3454	01A	0.119446559395357	0.00764556897265223	0.312617326563878	0.134068461652218	0	0.353346479591911
TCGA-AK-3455	01A	0.0976200460828188	0	0.925574289410626	0.108201691774293	0	0.436722003556998
TCGA-AK-3456	01A	0.0642687943006491	0.0762137879994302	0	0.0573472891793362	0.0832239169536086	0.36015835049327
TCGA-AK-3458	01A	0.00101064213008445	0	0.122843823843143	0.0361304471733714	0	0.174010586314856
TCGA-AK-3460	01A	0.00464006331350701	0.0829434606302531	0.219605345248291	0.107343212538746	0.124811771956021	0.256058872327216
TCGA-AK-3461	01A	0.0778880553696965	0.165350870590527	0.298049306953561	0.183120285814439	0.0680939525024617	0.483474179959883
TCGA-AK-3465	01A	0.0392805829822197	0.0333997867619496	0	0	0	0.0317157762404048
TCGA-AS-3777	01A	0	0	0	0	0	0.0142767386037655
TCGA-AS-3778	01A	0.0566335873798152	0.130801203691863	0.0783831796175355	0.10711289366213	0.152964571549768	0.358367269747712
TCGA-B0-4688	01A	0.128410864229205	0.118149343889553	0.152350898005128	0.106358521723396	0.162634861219727	0.77905403509307
TCGA-B0-4690	01A	0.198340682072961	0.113403802557047	0.351792470102356	0.227076388343603	0.196902034205339	1.09944533469358
TCGA-B0-4691	01A	0.145128032347797	0.0457242634231505	0.276157272488527	0.0728119157525447	0	0.309273557160521
TCGA-B0-4693	01A	0.102255970256533	0.126169611647329	0.369379750863984	0.169992079066705	0.0910866806026831	0.507079822118593
TCGA-B0-4694	01A	0.11718394823573	0.125288201722045	0.484180767651631	0.161162390118832	0.268733263800177	0.735761397744914
TCGA-B0-4696	01A	0.135881118948822	0.1588207727764	0	0.00815768212916301	0.0189221968183173	0.559898714661902
TCGA-B0-4697	01A	0.452792237976792	0.419030711742381	0.32811206168594	0.19468311539056	0	0.484449857630855
TCGA-B0-4698	01A	0.126128313537457	0.104021950102343	0.755569080577669	0.210900336758272	0.0586116340170996	0.986283320819365
TCGA-B0-4699	01A	0.0313074144864249	0.108360536258185	0.472471337687329	0.190607233714113	0.101754440933949	0.639488815364678
TCGA-B0-4700	11	0.0146513960581751	0.0035226623151521	0	0	0	0.0381995520472587
TCGA-B0-4700	01A	0.258299278803131	0.153943152716691	0.717618506076471	0.140159175909787	0.0255998177662932	0.898690725659254
TCGA-B0-4701	01A	0.122315782237266	0.232026630552006	0.145760157946862	0.12494163272259	0.0482715209142634	0.535724971329347
TCGA-B0-4703	01A	0.0885227628808723	0.27490239772446	0.329322568780812	0.186539348838962	0.136132256237486	0.72694213644157
TCGA-B0-4706	01A	0.0187110779117688	0.029242288598068	0.293078321411619	0.0649764639398046	0	0.188144560464526
TCGA-B0-4707	01A	0.0112860904989651	0.139023906744957	0	0	0	0.118910060841394
TCGA-B0-4710	01A	0.0852259375280662	0.144266786019963	0.189480676641407	0.113039870845886	0	0.413414580405834
TCGA-B0-4712	11	0.158719137063859	0.126072058619075	0.0247084067350489	0.0082056694823717	0.0279768942857282	0.277400934870045
TCGA-B0-4712	01A	0.0980902009037528	0.104573440592387	0.222357784353851	0.104925697600454	0	0.538882161011867
TCGA-B0-4713	01A	0.0766673452456371	0.0266392923998357	0.122702678187876	0.0452893326679137	0	0.143318709722788
TCGA-B0-4714	01A	0.0866087900102127	0.0683934865994781	0.664181913298471	0.120983662102793	0.0317259067266412	0.621590182107587
TCGA-B0-4718	01A	0.0610928161769534	0.0970369970726239	0.119093546057784	0.0596003049123787	0	0.281593107770392
TCGA-B0-4810	01A	0.100558161575226	0.207991728489217	0.540312410582017	0.154634804570392	0.0898614764278096	0.606707187024279
TCGA-B0-4811	01A	0	0.0456219497482931	0	0.0164676447710268	0	0.0328594912767127
TCGA-B0-4813	01A	0.086987348031642	0.129620483049	0	0.0302491999099959	0	0.252402525982414
TCGA-B0-4814	01A	0.0671194731565187	0.100783192324702	0.0175054603983819	0.0639143385887127	0	0.263138212511965
TCGA-B0-4815	01A	0.381713321452613	0.223045816562103	0.541840468854949	0.219772373368945	0.0748468906247371	0.881577243186357
TCGA-B0-4816	01A	0.0774483949950637	0.187437009534004	0.238012164876727	0.232049432156366	0.326257513488722	0.605998492162775
TCGA-B0-4817	01A	0.0350428853250341	0.0378956036145667	0	0.308275303149631	0	0.0609093024962076
TCGA-B0-4818	01A	0.121141310348768	0.154746533758591	0.255935496433577	0.141281979062574	0.011131639120645	0.398559036457465
TCGA-B0-4819	01A	0.115016686462898	0.319807962987557	0.690505681282271	0.19603909662374	0.0727829056727396	0.613848668328492
TCGA-B0-4821	01A	0	0.0481147791884202	0.198266586090955	0.0378687001702306	0	0.178524451127293
TCGA-B0-4822	01A	0.0166912802885305	0.220659624634341	0.0795548532565879	0.0688812958433363	0.0638677473569099	0.284780967455754
TCGA-B0-4823	01A	0.0704458317204035	0.119404170076114	0.267125261580477	0.132890165366032	0.151338927438751	0.435446530812335
TCGA-B0-4824	01A	0.167539200084949	0.166787733777951	0.484436784773962	0.130158360523862	0.0926572314180312	0.695864116831145
TCGA-B0-4827	01A	0.181059471391765	0.154184462634224	0.201383310509244	0.168739807065837	0.112752445657617	0.502262732897431
TCGA-B0-4828	01A	0.037315629950822	0.0980671887393157	0.0510492323964283	0.0510590824810427	0	0.16930916895293
TCGA-B0-4833	01A	0.026876388399427	0.124800191948881	0.324997065346952	0.107979285117807	0	0.353138527390379
TCGA-B0-4834	01A	0	0.0128304142014731	0	0	0	0.0189673419068489
TCGA-B0-4836	01A	0.233916771702567	0.162526006844782	0.299555743029731	0.112229247317545	0.0339157291867427	0.53432623145378
TCGA-B0-4837	01A	0.109193427399704	0.152627590416841	0	0	0	0.404396085705913
TCGA-B0-4838	01A	0.144220204226008	0.104052085234205	0.838415786207033	0.214638644221045	0.0666932615293128	0.737359863835763
TCGA-B0-4839	01A	0	0.06236755272656	0.165710928522571	0.0480394541206171	0.037265842276949	0.294139999317365
TCGA-B0-4841	01A	0	0.0201994125688262	0.0970827182073791	0.00511237772821996	0	0.0684788437176167
TCGA-B0-4842	01A	0.152654587773818	0.219440825294501	0.0776209606444732	0.109924437768482	0	0.46300039358831
TCGA-B0-4843	01A	0.0607631459706296	0.15156987882834	0	0.0640853248291201	0	0.237459689779525
TCGA-B0-4844	01A	0.130149261744773	0.122848193053384	0.00868639945216181	0.0536254166093033	0	0.253631370059568
TCGA-B0-4845	01A	0.00418923581618357	0.189520155431608	0.0244803183367392	0.0695186122363468	0	0.272746933514973
TCGA-B0-4846	01A	0.293853162111613	0.139019143824873	0.350467815439222	0.169019202622672	0.0957786829722681	0.792767541932183
TCGA-B0-4847	01A	0.0716969460385329	0.201812886241877	0.325906016253432	0.119889390098711	0	0.427485607987876
TCGA-B0-4848	01A	0.140530448913383	0.181276894369559	0.205269607700941	0.153623608859346	0.152952476003829	0.664627791899927
TCGA-B0-4849	01A	0.035085591767372	0.189830755768503	0.123303347460992	0.150327571249411	0.0989528209136928	0.422259822326027
TCGA-B0-4852	01A	0.0733995841572047	0.0751823111735707	0.185354987514422	0.0916071550535733	0.00836380093287187	0.352261043039246
TCGA-B0-4945	01A	0.127326741475139	0.154056091841145	0.210348916822973	0.123403128981996	0.0565614861846366	0.433276295046067
TCGA-B0-5075	01A	0.122299602526928	0.0976302353460356	0.104784139159044	0.156875048758471	0.23315308328337	0.509239832635025
TCGA-B0-5077	01A	0.0979055552432111	0.0919017019144458	0.128184319348906	0.0750013345844041	0	0.371833366260444
TCGA-B0-5080	01A	0.25612274350021	0.323551453305546	0.237547585953296	0.138981968515476	0.0629226896096989	0.570277836792972
TCGA-B0-5081	01A	0.282779574019752	0.358007841276025	0.400032016027329	0.148595979719675	0.0391691764464922	0.809296441240477
TCGA-B0-5083	01A	0	0.107304809826258	0.0123271949390554	0.0294389641006539	0.0970439506592864	0.383785292784982
TCGA-B0-5084	01A	0	0.138372094263672	0	0.0338048098167033	0	0.322679741249606
TCGA-B0-5085	01A	0	0.0687033739304651	0.00909660095426562	0.00527659442943015	0	0.0549799365093263
TCGA-B0-5088	01A	0.104403191721678	0.19383605441329	0.13656745936642	0.0904526692425804	0.120381451844809	0.383461462586809
TCGA-B0-5092	01A	0.195455750879448	0.25327164248157	0.803783156543365	0.144833638536372	0	0.755275037826451
TCGA-B0-5094	01A	0.0833770642447379	0.0763274024377466	0.070002958299583	0.0738691167903474	0	0.270283071762236
TCGA-B0-5095	01A	0.123137163713577	0.192138518247015	0.191202279743144	0.144439586459982	0.0915059379929069	0.547691718502807
TCGA-B0-5096	01A	0.173607123311641	0.103757461038553	0.128961218984133	0.189772285980092	0.172743205934697	0.695267478786977
TCGA-B0-5097	01A	0.0343390421083698	0.189342053224843	0.225166541455829	0.233410008355765	0.1695997162465	0.62344635273833
TCGA-B0-5098	01A	0.114603271821218	0.0551671782472289	0.00474040238038002	0.000488854448242272	0	0.227806258951439
TCGA-B0-5099	01A	0.0987508768184907	0.0672090116461179	0.0624894554371337	0.0423481372031273	0	0.197076816558528
TCGA-B0-5100	01A	0.010204068354936	0.141415128264437	0.0388382435995626	0.0378453116747481	0	0.269749804571067
TCGA-B0-5102	01A	0.093291475442754	0.0814389389615949	0.0262457038769811	0.0180310904671086	0	0.296953782073551
TCGA-B0-5104	01A	0.0935454269297118	0.142203328689619	0.0460687250800119	0.102145366286228	0	0.442324145646938
TCGA-B0-5106	01A	0.0895301711168265	0.165124470410507	0.245790297372396	0.180182469220071	0.175600263075267	0.485420293118117
TCGA-B0-5107	01A	0.162216835724795	0.144403007854273	0.172979133550127	0.0567702447703544	0	0.467154094585425
TCGA-B0-5108	01A	0.0322403169931451	0.222849042193157	0.302965123440605	0.273993773236373	0.25138953536224	0.717607204857458
TCGA-B0-5109	01A	0.146168279538421	0.136659858159777	0.589323343172214	0.111475569953883	0	0.608482727869281
TCGA-B0-5110	01A	0.138360371575733	0.169470593767678	0.238771589610603	0.144725194370362	0.134375554917563	0.584808700371365
TCGA-B0-5113	01A	0.156974869934136	0.195446611297919	0.176101818636756	0.133237212380509	0.0745377348410983	0.588356268126728
TCGA-B0-5115	01A	0.0961439353113449	0.161726049801588	0.17017209084115	0.123667422173084	0	0.499230519871783
TCGA-B0-5116	01A	0.051011931494256	0.0512059113101649	0.0348523172782186	0.030360164464893	0	0.135909330845559
TCGA-B0-5117	01A	0	0	0	0	0	0
TCGA-B0-5119	01A	0.0744984966656487	0.143141229947617	0.311678691576815	0.096000799611546	0.0251598067193119	0.462935025206341
TCGA-B0-5120	01A	0.0544616136244536	0.161083842399024	0.118753470707165	0.114556788781404	0.221424499445767	0.380611375263172
TCGA-B0-5121	01A	0	0.0895903748427319	0.236342903263978	0.0565332491355433	0	0.228072339338252
TCGA-B0-5399	01A	0.0969835330021507	0.219228526986938	0.161827116019806	0.104874541941174	0	0.455873374802912
TCGA-B0-5400	01A	0.0814654342520871	0.046810462505329	0.152630115675136	0.0990454544564262	0	0.384531177757161
TCGA-B0-5402	11	0.0714613956122334	0.11829980085266	0.0576047708337599	0.0536213580444551	0.0747631412467747	0.241331127108942
TCGA-B0-5402	01A	0.10644331673911	0.0738466142327296	0.234064455248957	0.0867992052234448	0.0238197260830277	0.396587945708862
TCGA-B0-5690	11	0.0509549682329754	0.0394404115168286	0	0	0	0.126168162968571
TCGA-B0-5690	01A	0.116102840710143	0.257024742326624	0.284668262281316	0.201827799713727	0.0427553912328231	0.611840489551513
TCGA-B0-5691	11	0.0791171996945975	0.151952586351639	0.00046112412283859	0.0682541411405417	0.0921674819747657	0.263799782028326
TCGA-B0-5691	01A	0.12904550944692	0.234468448239594	0.167389193122979	0.169095831419016	0.178768037303741	0.52190813364317
TCGA-B0-5692	01A	0.183464379131462	0.0415261283165793	0.983574284638273	0.127885255932614	0	0.778798445028978
TCGA-B0-5693	01A	0.0500009699531836	0.162965826438039	0.124718744104558	0.102752776225691	0.0289497470124316	0.3439104703475
TCGA-B0-5694	11	0.0789845834292863	0.16174170831482	0.0321582868786889	0.0660093612356577	0.0881281178216607	0.253552710596611
TCGA-B0-5694	01A	0.0622910275327902	0.054491187995619	0.120337086994457	0.0821713296830432	0	0.312116844918093
TCGA-B0-5695	01A	0.0731950505687136	0.0868873746222812	0.191193119382697	0.070643741296475	0	0.27546543254712
TCGA-B0-5696	11	0.0430926074890411	0.0516166344584213	0	0.00224345066038263	0	0.145878359317355
TCGA-B0-5696	01A	0.107781725601115	0.0560046147562871	0.103719894768343	0.0510387423033912	0	0.333539405776801
TCGA-B0-5697	11	0.0305493863351846	0.0415211197790537	0	0	0	0.0907985161417724
TCGA-B0-5697	01A	0.142769583536333	0.150579425893405	0.392980703603418	0.181906338786432	0.100555457052041	0.747405059195575
TCGA-B0-5698	01A	0.0728557999321675	0.142304816062919	0.214571830647505	0.213729635941391	0.112348773397879	0.688656195843973
TCGA-B0-5699	11	0.0270705940944122	0.043468400188931	0	0.0036630719193303	0	0.11100565926166
TCGA-B0-5699	01A	0.128843889129178	0.125985010616985	0.154079383283018	0.142674309558329	0.0579272178322821	0.423817129131037
TCGA-B0-5700	01A	0.0984898743458272	0.0847318078029878	0.0784062303905578	0.0490386773685156	0	0.325007327823795
TCGA-B0-5701	11	0.0787220082241871	0.135947386260007	0	0.0612960918705754	0.122696172099945	0.267421453148681
TCGA-B0-5701	01A	0.146363751200656	0.0947858507151943	0.139579849947007	0.127388319843949	0.0452521126031999	0.48601541193395
TCGA-B0-5702	01A	0	0.212634923308787	0.0501722686532179	0	0.0570140797224923	0.337790802142949
TCGA-B0-5703	11	0.0781606584374729	0.0931503539268592	0	0.0169175757608206	0.00726057398690503	0.192810548215998
TCGA-B0-5703	01A	0.0484414093090713	0.0150306909788897	0.349450159629947	0.0487856551650749	0	0.20590230595059
TCGA-B0-5705	11	0.0478481147634467	0.091577395968488	0	0	0.0216963568909355	0.157337034367796
TCGA-B0-5705	01A	0.219872849902757	0.109681227965489	0.230857819752673	0.0575683287128412	0	0.68856170526632
TCGA-B0-5706	11	0.0585826721966953	0.0746677754857314	0	0.00148219399895875	0	0.150950193950161
TCGA-B0-5706	01A	0.438043890359137	0.0408937393201109	0.43616437370687	0.172374317590564	0	0.463220944674175
TCGA-B0-5707	01A	0.107702993192278	0.104516221832507	0	0.051761089063176	0.00628477475114693	0.356945555071878
TCGA-B0-5709	11	0.0385593446772029	0.0678798921271359	0	0.0243747572282876	0.00481581892417453	0.180427413387741
TCGA-B0-5709	01A	0.222714297715439	0.409906521824998	0.348760506535901	0.271036210956473	0.284961852171234	0.968270662571961
TCGA-B0-5710	01A	0.140113976874348	0.145773345695067	0.450462929232227	0.185485846211659	0.0414435983624884	0.688573726715944
TCGA-B0-5711	11	0.0698348817882781	0.0998274322335987	0	0.0124993610168477	0.0210835804212006	0.231678605750765
TCGA-B0-5711	01A	0.132162382118006	0.125508400391805	0.316534486464529	0.14213822685139	0.0253864675211397	0.598770101267885
TCGA-B0-5712	11	0.0906025166955558	0.189592108450022	0.0689759217411322	0.0878204701857484	0.0726002696897964	0.388460822949892
TCGA-B0-5712	01A	0.0633382306046272	0.0406514996546604	0.0788550496395033	0.0579371826477765	0	0.1994495590562
TCGA-B0-5713	01A	0.0612529447928401	0.124547341483239	0.289705384161424	0.156436797103797	0.00536531340390524	0.446600181366335
TCGA-B0-5812	01A	0.0985546650456046	0.172085086504215	0.361191112340429	0.160517787572471	0.125316789072949	0.580403061276081
TCGA-B2-3923	01A	0.091948614637812	0.0674307794624204	0.0957254490462536	0.0102820091124156	0.0612478223463514	0.125568340308414
TCGA-B2-3924	01A	0.236385490779943	0.0629129685963791	0.820304998398307	0.179699799214256	0.1848485152981	0.937474189400483
TCGA-B2-4098	01A	0.0761234477709534	0.0535936403833677	0	0.114454328229839	0.0815796324122094	0.325345336989581
TCGA-B2-4099	01A	0.057918208011004	0.00557767654029242	0.257314702659257	0.146456591641047	0.152716471863898	0.471183232553824
TCGA-B2-4101	01A	0.14973047088457	0.176105074135514	0.404362221443552	0.194564599458951	0.155549600925747	0.638564154488254
TCGA-B2-4102	01A	0.202788927983837	0.262280554550525	0.186164963994928	0.204365713649316	0.259004216406756	0.727493517063987
TCGA-B2-5633	01A	0.165006759154465	0.228251241166173	0.250164029815292	0.162584819908798	0.246104449502749	0.79279687020241
TCGA-B2-5635	01A	0.166386344448671	0.178153827461795	0.320587016982662	0.176032792499989	0.191857146727129	0.678254899730592
TCGA-B2-5636	11	0.0525296614090662	0.108253378180206	0	0.035650200214972	0.0266736080199384	0.19285411645705
TCGA-B2-5636	01A	0.0643039280340943	0.305331296841824	0.148154476436592	0.149417878653287	0.159140224034588	0.546399101536298
TCGA-B2-5639	01A	0.125476879625401	0.144821657765776	0.113664496313307	0.134630677439599	0.0986420577530064	0.490428881086549
TCGA-B2-5641	11	0.126845033579451	0.131212550038422	0	0.022957873815153	0.0105811465147175	0.225147206220234
TCGA-B2-5641	01A	0.23212059276876	0.177228601016792	0.482071642198444	0.148156329264352	0.150969296734958	0.872598027735
TCGA-B2-A4SR	01A	0.10570768422278	0.240792961460534	0.274899089337968	0.183458567116328	0.1472139944927	0.536301293387042
TCGA-B4-5377	01A	0.212474452408283	0.142322180164896	0.191273749609744	0.134125625447046	0.118407760555038	0.607233270856352
TCGA-B4-5378	01A	0.0195731355802925	0.152905030474988	0.167279414605483	0.123176486400811	0.120845618673991	0.302871518815216
TCGA-B4-5832	01A	0.218364922782242	0.174007302073423	0.212587527922296	0.311885620404324	0.821084287602334	0.275861748378859
TCGA-B4-5834	01A	0.0637012093924084	0.136936859556097	0.367413067081101	0.133632641741308	0.0906206499462053	0.48362534936902
TCGA-B4-5835	01A	0.0731027122608957	0.0658094966190082	0.0267975638222991	0.0574634240257831	0.189682097518147	0.365349850473742
TCGA-B4-5836	01A	0.167185697538604	0.0443381387509927	0.45612471205602	0.166029342486503	0.129066884822288	0.60483752812694
TCGA-B4-5838	01A	0.133844504033589	0.0792026035076749	0.128060666979826	0.0788135452017161	0.0543326896583877	0.401840140395276
TCGA-B4-5843	01A	0.104250427175285	0.114568600050798	0.156807067909026	0.0959274937795553	0.147443105610156	0.377271265820593
TCGA-B4-5844	01A	0.0775302999569526	0.153812317681381	0.306824565604166	0.167599184841311	0.0670279170594521	0.424827260671699
TCGA-B8-4143	01A	0.0476918777884289	0.116532151475858	0.537110590363717	0.226606276917471	0.096029261389209	0.566520269800607
TCGA-B8-4146	01A	0.22325218172424	0.136252216771074	0.431679987750601	0.246708382551854	0.382403812903075	0.618556187418921
TCGA-B8-4148	01A	0.0875244749436052	0.271213045390844	0.715851396189494	0.313887389849206	0.178823539593538	0.778824156856501
TCGA-B8-4151	01A	0.0938663645909071	0.0219502198068282	0.0384601962829581	0.0430014926707744	7.64868161745209e-05	0.277832570573534
TCGA-B8-4153	01A	0.019094736754074	0.0768791965729587	0.0897262630980765	0.0532828189798042	0	0.202541571726744
TCGA-B8-4154	01A	0.0847545677185856	0	0.261726981738984	0.0555887153806088	0	0.428815458480494
TCGA-B8-4619	11	0.0380451824084497	0.0265810871921995	0	0.00412019259210128	0	0.119562483932191
TCGA-B8-4619	01A	0.00135718121263556	0.0523415677047879	0	0.0143034757965186	0	0.103971353209244
TCGA-B8-4620	11	0.11104314612752	0.194847707453826	0.0922378168994079	0.133164678364763	0.162777864673166	0.484998087037248
TCGA-B8-4620	01A	0.034668461022695	0.115125498232721	0.0536667895192468	0.154369524811583	0.090751912790083	0.458140294234254
TCGA-B8-4621	01A	0.0846353008225691	0.0667351952166089	0	0.0964110049888398	0.159323474997147	0.297274615553432
TCGA-B8-4622	11	0.145541924730271	0.0816581066705453	0.0544719539550168	0.033144237065606	0.0779607361326233	0.338773025064023
TCGA-B8-4622	01A	0.147999015384152	0.143006212700409	0.229971292943341	0.136875137639182	0.177432119632863	0.594814229805421
TCGA-B8-5158	01A	0.106249017368605	0.133274874704811	0.189981108075319	0.208238604685813	0.117591976070268	0.620237028356153
TCGA-B8-5159	01A	0.131967669218595	0.0854913795849578	0.256761717576758	0.113461336067303	0.0794774144902496	0.390686996293447
TCGA-B8-5162	01A	0.29442750314122	0.211548526976641	0.622401099696396	0.257621037821936	0.600807178926496	0.889218577796702
TCGA-B8-5163	01A	0.282182039059232	0.228882237028631	0.531031621341774	0.205498957854825	0.299497776955722	1.07409708205508
TCGA-B8-5164	01A	0.3229684827984	0.183296067977018	0.913579942745281	0.21417515605165	0.26884687452157	1.37586426228959
TCGA-B8-5165	01A	0.057892126395363	0.185441319516005	0.236861653960841	0.115074399580386	0.148948549359978	0.413101797820134
TCGA-B8-5545	01A	0.137365007863447	0.218856146384326	0.255854179721398	0.169996746540628	0.374595639515919	0.712717112670293
TCGA-B8-5546	01A	0.0107986185341845	0.102378993557988	0	0	0	0.266666529242685
TCGA-B8-5549	11	0.130079556077481	0.127471370857072	0.018656926678247	0.0148317524554546	0.0336479061545993	0.24610942501407
TCGA-B8-5549	01A	0.0558507652648689	0.125406757499657	0.254208364787318	0.115043726726792	0.127521169947816	0.417643253206511
TCGA-B8-5550	01A	0.151633600929464	0.108026067798771	0.135153487784451	0.103202950050202	0.139988551349097	0.574284161144432
TCGA-B8-5551	01A	0.280396852268016	0.390983428949471	0.511448243387657	0.342451080962295	0.463417084389198	1.37712000980773
TCGA-B8-5552	11	0.220491793835413	0.276875862682556	0.24998309804841	0.226092429897088	0.461711865192199	0.639746025663151
TCGA-B8-5552	01A	0.135938662241896	0.309722174130659	0.314092617836449	0.182547726543084	0.295061690036386	0.702446325013863
TCGA-B8-5553	01A	0.149404436563075	0.152672047921549	0.42234307831268	0.216683966190825	0.29890462585297	0.654801637412192
TCGA-B8-A54D	01A	0.199671816894888	0.135476860826321	0.499825152953975	0.176835745238835	0.265786179624767	0.527682596154302
TCGA-B8-A54E	01A	0.21353790171736	0.0605779624090211	0.116181681561947	0	0.162094237630454	0.193443333832988
TCGA-B8-A54F	01A	0.0401659057296393	0.187069581231879	0.0862500191195899	0.154359095144019	0.444703728511963	0.268342290979386
TCGA-B8-A54G	01A	0.488422241715089	0.173051129437905	0.807753944118505	0.19630983064394	0.256966747121547	1.64311435203345
TCGA-B8-A54H	01A	0.109675800931096	0.203777260291378	0.303983620088545	0.103261812167987	0	0.515501202042847
TCGA-B8-A54I	01A	0.375327236331359	0.101518595839369	0	0.151149207831	0.0401972559916968	0.220431014398211
TCGA-B8-A54J	01A	0.0651480953553221	0.183947838371463	0.372939903324952	0.154437745874214	0.0474837854533767	0.491401492598279
TCGA-B8-A54K	01A	0.0391481419768148	0.112112893746715	0.0232014186256636	0.0385801086142374	0	0.214397119048268
TCGA-B8-A7U6	01A	0.0829818117232506	0.130178279839701	0.202752414866	0.180102900109922	0.0799230210926034	0.361307987798369
TCGA-B8-A8YJ	01A	0.12139119945658	0.485170652041789	0.207302458023724	0.241330748983893	0.507740016852348	0.617228066487615
TCGA-BP-4158	01A	0.0553085298718699	0.0899676521852261	0.132758783648522	0.065263390037004	0	0.317249388812789
TCGA-BP-4159	01A	0.0103303191931888	0.0301476547379067	0.185657238217272	0.0600094698031422	0	0.251450720511799
TCGA-BP-4160	01A	0.235169185371063	0	0.761060048355091	0.153980398484055	0.163966838177171	0.886607778267908
TCGA-BP-4161	01A	0.161818293188762	0.179301135589589	0.444187323136986	0.2022486348083	0.174155370996018	0.763205347868089
TCGA-BP-4162	01A	0.166784595269309	0.103572076867463	0.571155986125002	0.191342623671953	0.138339801104703	0.746954393068757
TCGA-BP-4163	01A	0.148453269958397	0.115258571141735	0.101629820746641	0.198978446786265	0.174269902106071	0.414884233028687
TCGA-BP-4164	01A	0.0910291843813336	0.0791299854298445	0.0399947422546867	0.0993270767138544	0.00308440150498986	0.258316705448982
TCGA-BP-4165	01A	0.0271862062565228	0.0193710831993515	0.463781777747336	0.0632399965176912	0	0.316601525731145
TCGA-BP-4166	01A	0.0542778309680099	0.0655280161402855	0.234954317815314	0.0818601357083905	0.0427552698565125	0.397297789650658
TCGA-BP-4167	01A	0.0756644269048703	0.172680721364361	0.448127296882148	0.111312157536155	0.175421255535909	0.648936635442265
TCGA-BP-4169	01A	0.0906098886824362	0.246095639165268	0.261731077442825	0.29837680291922	0.208634109770412	0.680321402551866
TCGA-BP-4170	01A	0.181262473844064	0.10253943315538	0.289677407519859	0.105193910648332	0.0930951945375751	0.68282515095969
TCGA-BP-4173	01A	0.497251111119675	0.30209172797971	1.04296950061693	0.254917581743719	0.137743179706212	1.90252928355911
TCGA-BP-4174	01A	0.158524316556924	0.0412429715597052	0.144932481483394	0.074838360765622	0.0679683846028136	0.592059728516102
TCGA-BP-4176	01A	0.103049279809474	0.178711597850211	0.149268117386602	0.215937155958594	0.360508554124266	0.578691586495513
TCGA-BP-4177	01A	0.0702611866560471	0.141128279734098	0.0488750739708044	0.0341197305920452	0.0143440439707971	0.277756020266518
TCGA-BP-4325	01A	0.165955573825557	0.112087863208844	0.325296687965579	0.108221741155201	0.0590224345136667	0.61355524165403
TCGA-BP-4326	01A	0.0546698407811743	0.0842603737017364	0.0828012972899406	0.109475297573038	0	0.310099432931178
TCGA-BP-4327	01A	0.0540237673221561	0.103580974058431	0.10303499785231	0.0646731828925732	0	0.263806218004767
TCGA-BP-4329	01A	0.0906890262923973	0.0743721863565938	0.177535765371638	0.0851803157038121	0.0218319334830741	0.470227771354593
TCGA-BP-4330	01A	0.247373497310384	0.286605003046172	0.54163655672069	0.144791288298265	0.162740480087609	0.879845702872732
TCGA-BP-4331	01A	0.141188712280572	0.235873604221166	0.126608217140424	0.185246917972859	0.223821926592023	0.584195637719991
TCGA-BP-4332	01A	0.0620481482267403	0.146048919488865	0.141024177416801	0.107632808679936	0.0857670202358731	0.34097080977376
TCGA-BP-4334	01A	0.0214809890812659	0.0183763085188221	0	0	0	0
TCGA-BP-4335	01A	0.0842185227843874	0.114782830952262	0.217777205375948	0.0928284692964192	0.00524861263998633	0.379761829555472
TCGA-BP-4337	01A	0.0751915834131953	0.152651638749861	0	0.0598448245620982	0	0.243334090149775
TCGA-BP-4338	01A	0.0875649914755337	0.0562679464741446	0.00424378701092309	0.0726270997836171	0.0577291260176358	0.371732200467836
TCGA-BP-4340	01A	0.0567518030910215	0.116724778734194	0.0496905640667858	0.077371040094435	0	0.270044252513608
TCGA-BP-4341	01A	0.018638617472368	0.11578016293667	0.0934410684132324	0.047611279370989	0	0.228813448742494
TCGA-BP-4342	01A	0.111592440088895	0.241996786629065	0.00101998326195939	0.0868482229663715	0.0474871754834428	0.417386300604991
TCGA-BP-4343	01A	0.175138878905952	0.042375219652713	0.432389118424865	0.161152646049496	0.345391302122525	0.678239229991513
TCGA-BP-4344	01A	0.0912258714666531	0.187942691806915	0.223872081055434	0.149032714406108	0.18030045007461	0.527361995414444
TCGA-BP-4345	01A	0.147803194880431	0.193502116412264	0.264639192273388	0.119045341515064	0.0900344813290635	0.757336267765844
TCGA-BP-4346	01A	0.319815931276251	0.310824764101359	0.915490262641686	0.192083403000987	0.00527406601608491	1.25861416002997
TCGA-BP-4347	01A	0.108707333557667	0.162168707669414	0.247003356780463	0.0846977715827201	0	0.488348365875731
TCGA-BP-4349	01A	0.0172693036491926	0.179610105692563	0.157431231164346	0.0888851770163944	0.0227481473205968	0.332346234667672
TCGA-BP-4351	01A	0.0153750188778069	0.133266690572709	0.100162029085399	0.0811164218726615	0.0470512563548933	0.256676564662685
TCGA-BP-4352	01A	0.0212609841075747	0.0852790083766674	0	0.0152941393389248	0	0.180173270682702
TCGA-BP-4353	01A	0.191515185366429	0.101690133157344	0.567711844437324	0.184852873429561	0.508052658539805	0.728838288673329
TCGA-BP-4354	01A	0.0106025975843986	0.174798060903059	0.381593569629314	0.637511309562507	1.01821308580181	1.10512632347079
TCGA-BP-4355	01A	0	0.223315391940802	0.110370971712134	0.0865637067586863	0.0461793484135506	0.304209968497765
TCGA-BP-4756	01A	0.0608116472345901	0.101545478171404	0	0.0318903978546462	0	0.326089432635511
TCGA-BP-4758	01A	0.0993812078192012	0.136789933454073	0.527050613765903	0.0212560261586558	0	0.557156175226686
TCGA-BP-4759	01A	0.0108401749410659	0.0359468376909291	0.157756962361047	0.0239453239566809	0	0.167255162932195
TCGA-BP-4760	01A	0.00592571436020287	0.213505352669117	0.0360925078171622	0.0760434795279404	0.0682251615833812	0.418245320675328
TCGA-BP-4761	01A	0.125512291885564	0.0720632098941576	0.0125913354606238	0.0467041160383987	0	0.17648711743901
TCGA-BP-4762	01A	0.0932500094675637	0.195792991452783	0.21564013404083	0.14226163437782	0.246447110591106	0.459562516853052
TCGA-BP-4763	01A	0.104512109790866	0.0860142316121299	0.25707665047676	0.110645222256443	0.0740605331811274	0.428731286539734
TCGA-BP-4765	01A	0.050205035656309	0.127493240848605	0.207609092730028	0.129718365590184	0.0698371506011587	0.390366642737509
TCGA-BP-4766	01A	0.0340005419677184	0.159291820736123	0.0970033484118923	0.141230835283765	0.0941155969974901	0.405551832690901
TCGA-BP-4768	01A	0.0771311029376063	0.0694080846527698	0.0220928955023665	0.0408928582650488	0	0.275153982627297
TCGA-BP-4769	01A	0.123612761956132	0.196209202878171	0.12342468015721	0.0850811494396901	0	0.464993649888397
TCGA-BP-4770	01A	0.0669365915355854	0.0705317990056285	0.22742687070145	0.062015264857043	0.177660103367402	0.635058470452979
TCGA-BP-4771	01A	0.264503721218462	0.382457392074648	1.06868115588373	0.196248033256205	0.0312007565140339	1.18961396840465
TCGA-BP-4774	01A	0.100336345571993	0.193330643080202	0.0911661795769157	0.0786777321995046	0	0.393798362828136
TCGA-BP-4775	01A	0.0886798333426364	0.228216143608291	0.104802982359562	0.15702647255188	0.0909137432516898	0.401841358728717
TCGA-BP-4776	01A	0.0700429995324427	0.0959190331678964	0.154257317447846	0.0677672715506289	0	0.227264503461995
TCGA-BP-4777	01A	0.194087876635888	0.167002657443766	0.578229064162309	0.154217553082437	0.132386112575314	0.732623256584324
TCGA-BP-4781	01A	0.0926503072257176	0.122886387048081	0.0363869559919035	0.0963674496776747	0.159991338056568	0.432410602997631
TCGA-BP-4782	01A	0.119669190319786	0.156533684642766	0.318031625667143	0.121167987567827	0.129129537338502	0.570494902494288
TCGA-BP-4784	01A	0.135566397346893	0.17804810988606	0.163005423393268	0.0672418820027147	0.0550816006547912	0.460897389395234
TCGA-BP-4787	01A	0.0762707003641731	0.171977103653663	0.0309066661711531	0.149926069411068	0.311886803621311	0.405849111582111
TCGA-BP-4789	01A	0.0637434363111727	0.153692368056771	0.250958196554363	0.11806647677346	0.0400265725216561	0.402520569413723
TCGA-BP-4790	01A	0.225745936271391	0.379379598419424	0.3593076802644	0.183492317452993	0.27084502798379	0.818948710196662
TCGA-BP-4795	01A	0.197329878117214	0.316305662556573	0.180634519381217	0.119814554770805	0.139595368939344	0.563172394362094
TCGA-BP-4797	01A	0.220472588541687	0.136321480341854	0.200835615571617	0.0976379041069112	0.15331114381705	0.625707033646053
TCGA-BP-4798	01A	0.0377815603655046	0.329876284274202	0.642997194096683	0.347243371774824	0.459669438389626	0.796783327441577
TCGA-BP-4799	01A	0.084856264177086	0	0.206198046194725	0.040848579444267	0	0.339252058881424
TCGA-BP-4801	01A	0.0553544233642172	0.147944621087174	0.204359331348028	0.143865065863418	0.322879576038217	0.643567969379194
TCGA-BP-4803	01A	0.0819896058094252	0.0772028920445881	0.150448387852266	0.0750256855634229	0.0356774254510564	0.385772688529877
TCGA-BP-4804	01A	0.185110533437091	0.245227243865099	0.4230883572871	0.130603136670076	0.0815716516282777	0.787205803007782
TCGA-BP-4807	01A	0.112677276912893	0.0882165041357305	0.0743972047462833	0.150461586003261	0.258697642853913	0.390135904973266
TCGA-BP-4959	01A	0.217997593086137	0.0978962601282208	0.0806960019971008	0.11880233024712	0.237625075428477	0.526496057009011
TCGA-BP-4960	01A	0.0101828997237962	0.138333388684778	0.013200423731719	0.0728834352025471	0.0101149167348363	0.237700929018448
TCGA-BP-4961	01A	0.0923938479307759	0.194172057999987	0.260493845272906	0.12482417562619	0.136502597867235	0.462683441628557
TCGA-BP-4962	01A	0.163143062507497	0.0267988462015937	0.284046068761565	0.093670073953423	0.111889091159639	0.549531463659801
TCGA-BP-4963	01A	0.126009835610419	0.206147497434472	0.0931205885512411	0.133979683447944	0.261190214933768	0.597971951494497
TCGA-BP-4964	01A	0.0800435877242965	0.10909967212671	0.163283839101863	0.092301565041537	0.000848712080268882	0.353585772269087
TCGA-BP-4965	01A	0.167062196720026	0.148134979865811	0.227152653448317	0.1230639228431	0.127709864385939	0.529936188238569
TCGA-BP-4967	01A	0.120211696892583	0.0696370710375931	0.035222761145839	0.052938301976912	0.0400127200217164	0.276296537821707
TCGA-BP-4968	01A	0.145108291537448	0.105632707862975	0.357775539420265	0.0675867388979848	0.00757005272129027	0.476947607072387
TCGA-BP-4969	01A	0.0384877196782836	0.0604260029156158	0	0	0	0.101819412831029
TCGA-BP-4970	01A	0.173468552672613	0.202677513376527	0.409904988175628	0.201352537210379	0.267953702921829	0.823862595450186
TCGA-BP-4971	01A	0.0879306232559385	0.333843860261504	0	0.140755816516568	0.00167242960068277	0.560352575591095
TCGA-BP-4972	01A	0.136143241807441	0.123709913583109	0.127574268523617	0.137672392008276	0.351536454627448	0.681745853802823
TCGA-BP-4973	01A	0.118741901958977	0.144279940648168	0.142979118735167	0.132786912957929	0.0701923481107259	0.409488018335728
TCGA-BP-4974	01A	0.0738715236440387	0.274861628367393	0.184383446735785	0.148340423031819	0.029644285492618	0.404197674126896
TCGA-BP-4975	01A	0.0192022749887594	0.106091998530242	0.0685906867082561	0.079070038512331	0.0578659215012564	0.33353427100577
TCGA-BP-4976	01A	0.131051898818799	0.104132595959582	0.0827302457496893	0.0520845438881793	0.00557124909744394	0.437906229412758
TCGA-BP-4977	01A	0.0748894342437779	0.194231286510582	0.00288025406769789	0.0865041724325302	0.0981146894117236	0.359765041328253
TCGA-BP-4981	01A	0.0399637522207142	0.0659028158578061	0.0710053836055665	0.038094958584481	0	0.187634694955771
TCGA-BP-4982	01A	0.0827186845890395	0.245576115572308	0.238406633959562	0.183272000042343	0.222063406888374	0.570461121749892
TCGA-BP-4983	01A	0.164952423077594	0.22665689627974	0.681306838598658	0.277267267974928	0.0215979379594332	1.21525347065335
TCGA-BP-4985	01A	0.171363168161058	0.0627182344447263	0.146550341391652	0.0847188258377862	0	0.464117497275653
TCGA-BP-4986	01A	0.143984385602286	0.220238808673794	0.0939662131094132	0.148600009044387	0.24275467074631	0.518734502488171
TCGA-BP-4987	01A	0.103880228625734	0.183731693124293	0.220249748225525	0.0983361475535124	0.0365096844537132	0.471371767547506
TCGA-BP-4988	01A	0.594777337377263	0.797802493956825	0	0.271890041081013	0.423386849003065	0.0982948920895336
TCGA-BP-4989	01A	0.200632757388837	0.130564921499245	0.770542414056149	0.145195769915431	0.0676175558773945	0.823159237011053
TCGA-BP-4991	01A	0.0924617601172452	0.238094079459721	0.240142368762234	0.188636527516665	0.159181035558988	0.499776614915123
TCGA-BP-4992	01A	0	0.287930771886896	0.0581433097651411	0.0983432019478464	0	0.126186418859897
TCGA-BP-4993	01A	0.0587462721972618	0.105099165822681	0.448627894990793	0.0909862580624352	0.0690106684173036	0.471469403627949
TCGA-BP-4994	01A	0.0161071187821323	0.0919708677892418	0.0300179971884939	0.0505051348690531	0.072624940995702	0.189274742938906
TCGA-BP-4995	01A	0.0337995564482472	0.0968966268204009	0.12230558585325	0.0751905945321699	0.0621379261517064	0.297542804799362
TCGA-BP-4998	01A	0.0830135989435878	0.277113737589582	0.279476289510649	0.228739330730573	0.35763296146357	0.533996104167965
TCGA-BP-4999	01A	0.0787680446602751	0.157525688580968	0.150398368623877	0.116442152361681	0.105110943132158	0.389997436657148
TCGA-BP-5000	01A	0.0798894556977299	0.104381916057782	0.203891855784556	0.032689812766436	0	0.35262266303274
TCGA-BP-5001	01A	0.0135299499530191	0.111490682542936	0.168130823642101	0.0265087757970801	0	0.119627637267044
TCGA-BP-5004	01A	0.165721168035482	0.0857554052936141	0.141211078355353	0.0829661442669262	0.0919153283707932	0.491057308814099
TCGA-BP-5006	01A	0.0805651865807445	0.106002876578799	0.132298330661763	0.110766616329959	0.00013039679736324	0.424964313151709
TCGA-BP-5007	01A	0.115796361187517	0.124251634669576	0.253808779717277	0.0942066813077014	0.0511573124204974	0.392775005489831
TCGA-BP-5008	01A	0.102808181445873	0.213639508652882	0.295596090518914	0.19711634187508	0.0988173487676331	0.574973826479607
TCGA-BP-5009	01A	0.033428262412438	0.142360684777802	0.120343128105457	0.100828657906737	0.0311611750321526	0.343201632458983
TCGA-BP-5010	01A	0	0.186682863545118	0.0168554397878908	0.0325658846900207	0	0.247286720997829
TCGA-BP-5168	01A	0.062607450432474	0.0965981571221578	0.158993917589544	0.063397168529796	0	0.347323224957538
TCGA-BP-5169	01A	0.222219719504263	0.162281322512612	0.0211634726100901	0.0589643011384141	0	0.123219677489381
TCGA-BP-5170	01A	0.0540244939706171	0.0872678867675527	0.150129700853388	0.0612090256549795	0.0624526192584859	0.360329371540608
TCGA-BP-5173	01A	0.253547255427663	0.00329665993759346	0.391884478165425	0	0	0.663342371167592
TCGA-BP-5174	01A	0.10342504551055	0.0316174795812342	0.0582447879387683	0.0422799512287635	0	0.240071100235114
TCGA-BP-5175	01A	0.0502695379114316	0.0436727644547911	0.0665811236962514	0	0	0.118452525225294
TCGA-BP-5176	01A	0.0926088178872303	0.0741476286957464	0.218838474688909	0.0418444771184584	0	0.349420483682994
TCGA-BP-5177	01A	0.0609543274914834	0.0824032704224244	0.172925020729022	0.0486509641490909	0	0.265491422328494
TCGA-BP-5178	01A	0.133845915048027	0.077387885864293	0.102977573926292	0.0710694923065818	0.0948154037768773	0.341811192742624
TCGA-BP-5180	01A	0.121639709489532	0.0800854173112177	0.160222172304234	0.0640017777933022	0.030624004667802	0.463311160383993
TCGA-BP-5181	01A	0.137193608370099	0.117201924985725	0.160144303670828	0.0597976074439197	0.018150855898718	0.477874462091721
TCGA-BP-5182	01A	0.358140503321877	0.145324685081571	0.274023628057734	0.0846114966109446	0.306328296717077	1.04243195654811
TCGA-BP-5183	01A	0.140407825069044	0.0993201514047163	0.301303323271339	0.114711802307183	0	0.579862066514754
TCGA-BP-5184	01A	0.107516268969447	0.138855164453707	0.235196156684425	0.0881590831491504	0.160468767834525	0.426185405918417
TCGA-BP-5185	01A	0	0.00439907017752849	0	0	0	0
TCGA-BP-5186	01A	0.0893136565815209	0.159601768625796	0.166498909496492	0.101352834803779	0.0117332327409575	0.419613920392478
TCGA-BP-5187	01A	0.115106637453981	0.104965475045887	0.268313899901544	0.111900043904619	0.00335805436961903	0.427763372024427
TCGA-BP-5189	01A	0.249997741693339	0.120964726581713	0.163157330252788	0.157653963785015	0.173540078447825	0.827860041777081
TCGA-BP-5190	01A	0.0483590419401219	0.0321858132790193	0.0578226548266318	0.0348308462822514	0	0.155683671978429
TCGA-BP-5191	01A	0.0832321861951658	0.172983138823883	0.222290571528642	0.0525982512686235	0	0.298242580262426
TCGA-BP-5192	01A	0.073618690407711	0.0906136047752494	0.101151416773952	0.0357111710761026	0	0.254573961579244
TCGA-BP-5194	01A	0.110659867191402	0.106092465354246	0.249197573393067	0.109906896652314	0.0532735844993659	0.480530335747392
TCGA-BP-5195	01A	0.147882393232793	0.139354052309545	0.212967010421181	0.101583591690887	0.133283275319722	0.583779591045533
TCGA-BP-5196	01A	0.144313901132206	0.15118921831689	0.464071009107926	0.10575963151387	0.0320665773758836	0.619840374600941
TCGA-BP-5198	01A	0.103918950261681	0.116887981702864	0.22156493774442	0.146387718925224	0.148956341690377	0.563578131266421
TCGA-BP-5199	01A	0.160690159967856	0.130003008344242	0.944369946215028	0.184891900881019	0.0341755650361115	0.837589421755366
TCGA-BP-5200	01A	0.148073004624415	0.161156574696773	0.35635213562895	0.177209258562171	0.106427395248944	0.669228451983061
TCGA-BP-5201	01A	0.109545252034237	0.0778741773017178	0.509678827952424	0.105654573972188	0	0.505444523895946
TCGA-BP-5202	01A	0.0462881240911095	0.106290030147972	0.182826410932737	0.114429728611465	0.0685884767478462	0.385422400677349
TCGA-CJ-4634	01A	0.0563329659001083	0.208830777079835	0.137989029918718	0.132629086692809	0.182983865718658	0.398849353490297
TCGA-CJ-4635	01A	0.0859081226329451	0.19901205659972	0.393721556867805	0.142013356975756	0.119817527894546	0.545989567811257
TCGA-CJ-4636	01A	0.103809621355542	0.127167084505968	0.311267956225016	0.163526141630118	0.297910123560351	0.521778923880445
TCGA-CJ-4637	01A	0.322310650734582	0.309422747109324	1.13031210902317	0.275710745914637	0.163660846133834	1.32219988507073
TCGA-CJ-4638	01A	0.0443665556737806	0.0338172053026189	0	0.021636860447496	0	0.0420636516551244
TCGA-CJ-4639	01A	0.163111942516337	0.117690734113582	0.666565275143496	0.11414501743915	0	0.733918114713006
TCGA-CJ-4640	01A	0.254262647896166	0.0891659549845742	0.475576595934547	0.141048271729395	0.160988984838874	0.841917515512614
TCGA-CJ-4641	01A	0.297617440455054	0.323553233585238	0.527681487720266	0.217117607279592	0.170542889994678	0.996176878647277
TCGA-CJ-4642	01A	0.0229673796387045	0.141290717780114	0.00467659885932829	0.0294025089389195	0	0.278501928495199
TCGA-CJ-4643	01A	0.0897409085137438	0.207084756435378	0.239661509756782	0.205295430634224	0.194245071567079	0.499957881407178
TCGA-CJ-4644	01A	0.0991388458119976	0.059005262612717	0.423883084376716	0.132075938162824	0.122047127996174	0.593479748736489
TCGA-CJ-4868	01A	0.133865165092644	0.149513601974013	0.403576252658695	0.186538109779336	0.232597734673981	0.765673592159489
TCGA-CJ-4869	01A	0.30896568582345	0.144178920046892	0.820035758034855	0.146722843816111	0.00802068246558008	0.874696875701541
TCGA-CJ-4870	01A	0.0042498816785006	0.0947524339135394	0.0966508731141505	0.0574196749714838	0	0.234659822424744
TCGA-CJ-4871	01A	0.0993115898232792	0.0864286271976507	0.116114805716532	0.0891074402262767	0.003459694141346	0.377965234689146
TCGA-CJ-4872	01A	0.0807072078581858	0.121819202262283	0.322871807717793	0.0778541881743043	0.10266957648336	0.527913344220624
TCGA-CJ-4873	01A	0.0667756894591104	0.178006860729806	0.165170866026087	0.0882552618387042	0.110774917003162	0.555267233256688
TCGA-CJ-4874	01A	0.160037308491138	0.054523930634176	0.540592482356294	0.12638544109604	0.083856377154077	0.640132778206955
TCGA-CJ-4875	01A	0.0305254607090468	0.0463585475372359	0.34523876405854	0.0518433065503326	0	0.249896901329992
TCGA-CJ-4876	01A	0.102017679400104	0.065235172789135	0.310654682878394	0.0526238658244678	0	0.273188373390701
TCGA-CJ-4878	01A	0.0582200987106803	0.141036515870653	0.0594430544121424	0.104478470468783	0.0394143394531783	0.30246520885598
TCGA-CJ-4881	01A	0.109175269027908	0.198483699332337	0.118235528401791	0.142029084726424	0.158132384516271	0.439959230679631
TCGA-CJ-4882	01A	0.226306681560004	0.41913547446947	0.205009630230548	0.15822174332804	0.00341268411864488	0.599340525806723
TCGA-CJ-4884	01A	0.163030093242013	0.143453499988883	0.223825718720096	0.125888343247664	0.0916617954515558	0.534755798203351
TCGA-CJ-4885	01A	0.086020055374465	0.0360306267148593	0.0761617308091578	0.063404472419388	0	0.253009909957655
TCGA-CJ-4886	01A	0.159713573526093	0.187040884218773	0.394760770098663	0.113382775347419	0.0977524224056215	0.660175003412249
TCGA-CJ-4887	01A	0.187347768581404	0.111768864959433	0.482227942105952	0.0846452563765212	0.148969777337101	0.708914727208024
TCGA-CJ-4888	01A	0.247763948380963	0.0934568572381328	0.810017026357842	0.266093225890628	0.178539031491857	1.03461118779652
TCGA-CJ-4889	01A	0.512715312724493	0.408291821354658	0.181519390794971	0.187781610322664	0.176815958746149	0.64104298985006
TCGA-CJ-4890	01A	0.0754636943006205	0.312473743983397	0.630771939471178	0.316528830049745	0.582187431828385	0.92014232304096
TCGA-CJ-4891	01A	0.00820434622267332	0.0746277277995785	0.0840780640501522	0.146608702545655	0.0849454535074777	0.346877195463426
TCGA-CJ-4892	01A	0.128364137079791	0.0810005879680012	0.618380131363395	0.0904396890624525	0	0.557113907238848
TCGA-CJ-4893	01A	0.164060472168232	0.094874183060882	0.524723377766699	0.130422612923909	0.0622419114749183	0.679164648655559
TCGA-CJ-4894	01A	0.207977949849158	0.161258164377358	0.566374992509255	0.141665621065846	0.0634710229242741	0.920843512904033
TCGA-CJ-4895	01A	0.0721453538048882	0.160141731130225	0.213477105435209	0.185978683326918	0.231440397174642	0.518591421219162
TCGA-CJ-4897	01A	0.135430819594089	0.0739096194493881	0.126994598894125	0.0520896772544182	0	0.400197607062897
TCGA-CJ-4899	01A	0.124416746502916	0.25365732641603	0.210637476380526	0.126458721163759	0.267464771138802	0.574051891713153
TCGA-CJ-4900	01A	0.204102541900012	0.0800556132347258	0.276913195275019	0.18837678061244	0.071364881199093	0.447736535107726
TCGA-CJ-4901	01A	0.191783262253602	0.243179565236816	0.649658027385858	0.1757782853339	0.0378226469137006	0.90313344009983
TCGA-CJ-4902	01A	0.107961583512404	0.176515721817263	0.321198165107298	0.13377966726351	0.185018130322314	0.564338302563422
TCGA-CJ-4903	01A	0.133596845217297	0.0825454368015224	0.234234007986328	0.0860739946704042	0.0795869286313091	0.552497253911512
TCGA-CJ-4904	01A	0.0513439228780694	0.154887346113184	0.362859828382917	0.17114123683187	0.109292460497888	0.560445043409186
TCGA-CJ-4905	01A	0.0877871651522183	0.118312690161784	0.406931323621029	0.135892695868972	0.0556617780111316	0.561230243324237
TCGA-CJ-4907	01A	0.140533354203515	0.107538890156999	0.192773003098314	0.0998259403388881	0.075214386708392	0.539936357172787
TCGA-CJ-4908	01A	0.0677626365916993	0.213099983538106	0.315784058884277	0.157444301461119	0.137463482830772	0.539892987293865
TCGA-CJ-4912	01A	0.0385897661196374	0.0784430346375861	0	0.0398375401167054	0	0.119542999332096
TCGA-CJ-4916	01A	0.124538647612523	0.130916550745435	0.882457195625186	0.154992466340784	0.0961333022452754	0.764601860852201
TCGA-CJ-4918	01A	0.0885425187744011	0.177010535571591	0.240464866836146	0.145257627031628	0.17999123445869	0.53603472044108
TCGA-CJ-4920	01A	0.0639801201374678	0.152225844615253	0.113797172182591	0.134666472522156	0.0803322763718878	0.374650338432078
TCGA-CJ-4923	01A	0.168718389058769	0.331960246188404	0.25732190461875	0.125815321500155	0	0.584002952749048
TCGA-CJ-5671	01A	0.136006707587273	0.329124729813842	0.252782720853097	0.163547343439919	0.240610264748154	0.785713909788293
TCGA-CJ-5672	11	0.11914577091992	0.101919469276862	0	0	0.0134634276792393	0.181828852820477
TCGA-CJ-5672	01A	0.185981759840925	0.13328910060475	0.554506987364191	0.141305635260659	0.103166314748764	0.853723720902585
TCGA-CJ-5675	01A	0.199977026014997	0.0883913678703416	0.896949892199067	0.145667644991271	0.0900603746088799	0.894514892370715
TCGA-CJ-5676	11	0.0838947746095224	0.150935908896951	0	0.0443498868618761	0.0608207211216495	0.262642822272515
TCGA-CJ-5676	01A	0.0555077343234165	0.149102772550285	0.242955088598566	0.0984002896205936	0.117064578866615	0.386076510534051
TCGA-CJ-5677	11	0.0446255149980857	0.0760554452666006	0	0.0182165933656297	0.0041326233344726	0.169817303796004
TCGA-CJ-5677	01A	0.0979594870138453	0.0988752819202569	0.0319847758262123	0.112279637659983	0.135326326632238	0.491887789090746
TCGA-CJ-5678	11	0.0389273163907355	0.0552486713364704	0	0.00448168335495311	0	0.12507754719097
TCGA-CJ-5678	01A	0.312918458274026	0.0382400027191586	0.45821023816099	0.0617622653120805	0	0.798684540635914
TCGA-CJ-5679	11	0.0990188905020252	0.157601067335265	0.0267506120538356	0.0494264237248546	0.0696864908703168	0.267565435075883
TCGA-CJ-5679	01A	0.0130909121740383	0.0233417876648785	0	0.0242165341367721	0	0.134844493630077
TCGA-CJ-5680	11	0.119841584848727	0.176427425849357	0.0381089597956266	0.0838310394651721	0.0515249113461315	0.440914575842655
TCGA-CJ-5680	01A	0.11553976973659	0.0981542909758214	0.0166902275486632	0.0938791744415961	0	0.467828049646346
TCGA-CJ-5681	11	0.0365625975017882	0.0620281782334122	0	0	0	0.135057957357917
TCGA-CJ-5681	01A	0.190129665464499	0.18931320368633	0	0	0.0277465801454697	0.609842551064184
TCGA-CJ-5682	01A	0.0720277080369014	0.0747250984154819	0.238606651538406	0.0728978365999665	0	0.462860969020599
TCGA-CJ-5683	01A	0.0427714323182568	0.0881002074125797	0.123176135224359	0.0700283122626588	0	0.330145334605302
TCGA-CJ-5684	01A	0.197332760522506	0.0418835865515412	0.456146948561976	0.050325436507296	0	0.623845481529457
TCGA-CJ-5686	01A	0.113367487515888	0.138901402450268	0.34313534848362	0.180982807074065	0.160172669409881	0.544764834936845
TCGA-CJ-5689	11	0.191405686341042	0.186193746083585	0.0603359612753046	0.0520391570622859	0.0990236577626462	0.36902162292379
TCGA-CJ-5689	01A	0.120939034874307	0.0443650247053612	0.462399484317652	0.138666929232439	0.110263324584034	0.635695199422097
TCGA-CJ-6027	01A	0.25062235189163	0.0105695900051612	0.776411626299441	0.154479293482758	0.00762590785179911	0.97753259989332
TCGA-CJ-6028	01A	0.266813399813439	0.175667165063755	0.648837801049063	0.22475032202447	0.2066671439663	0.893878129469357
TCGA-CJ-6030	11	0.109606835529003	0.105078473745781	0	0.00557288154555538	0	0.211645203231989
TCGA-CJ-6030	01A	0.238407628412063	0.190499473297263	0.432906276417264	0.215901796305073	0.477986920227938	0.898817030020725
TCGA-CJ-6031	01A	0.128436169892194	0.161745034811385	0.331504618979778	0.101483827773969	0.205759376599147	0.633980796509103
TCGA-CJ-6032	01A	0.138504899265214	0.139981538485398	0.181175050849569	0.115251610263858	0	0.497133981443061
TCGA-CJ-6033	11	0.0422423150089825	0.0632378431650015	0	0	0	0.113286907633698
TCGA-CJ-6033	01A	0.130740277087769	0.0838708411466235	0.147600364963342	0.0786114790598845	0.0362559302956149	0.488176068558574
TCGA-CW-5580	11	0.0686337323149271	0.103143619067773	0	0.0337296539506896	0.0470056200143275	0.16324608248313
TCGA-CW-5580	01A	0.0371589704821201	0.102646268869037	0.170825803278073	0.193361325769864	0.226611079079569	0.440772305289838
TCGA-CW-5581	11	0.0264943425513248	0.0512677329054355	0	0	0	0.112955230516446
TCGA-CW-5581	01A	0.10950641792599	0.14442050531145	0.135027623773094	0.0913399230797989	0	0.328732530785985
TCGA-CW-5583	01A	0.0876802477501495	0.104753050413621	0.208412174479431	0.12004530843175	0.050604166971444	0.355836602369702
TCGA-CW-5584	11	0.135251296799195	0.222697124669439	0.0093530987394298	0.0781554795020309	0.082131403486927	0.361086718452034
TCGA-CW-5584	01A	0.138180248371942	0.176603231998677	0.0667258510966018	0.1584666036586	0.129804627997311	0.526102153393336
TCGA-CW-5585	11	0.0417205184967587	0.0622893344462325	0	0.0134223048130331	0.00648444960833899	0.16797377772669
TCGA-CW-5585	01A	0.109366026084387	0.0874806904820032	0.0955239282829857	0.0444428066232299	0	0.339537417722489
TCGA-CW-5587	11	0.0366608805889034	0.054368670566223	0	0.0177250731767747	0.00124260100638168	0.14396173294029
TCGA-CW-5587	01A	0.102766587475876	0.18936342850236	0.684545792610884	0.26169767731844	0.226433494973679	0.882119114601601
TCGA-CW-5588	01A	0.0578543882103522	0.143969428613472	0.122092946906956	0.134478883987502	0.262398636363382	0.394447601508171
TCGA-CW-5589	11	0.0509532212728743	0.0787272336441998	0	0.0202376839934186	0.011509801239585	0.16999532075508
TCGA-CW-5589	01A	0.0460245795316413	0.147805883349211	0.23201762116699	0.134476518800563	0.177932181426284	0.447383377252187
TCGA-CW-5590	01A	0.0886176759044755	0.130997377169013	0.227770152612245	0.0885578035235702	0.0140050072386265	0.49268490077197
TCGA-CW-5591	11	0.0431056377416084	0.144832299927942	0.215379807198582	0.153826517743405	0.16268496510117	0.388927194373577
TCGA-CW-5591	01A	0.130024158880944	0.168905944994494	0.0235693776117906	0.0937838450007423	0.129802198543528	0.347215443667092
TCGA-CW-6087	11	0.0425931650340745	0.00868940241355113	0	0	0	0.11519262017116
TCGA-CW-6087	01A	0.450818648500657	0.17334381584152	1.55265115754304	0.482349524821753	0.342074796311183	2.27034885963243
TCGA-CW-6088	11	0.136887954388116	0.110041740491995	0.0137408095967527	0.0136507469477615	0.0206248294118452	0.236815250440464
TCGA-CW-6088	01A	0.0832624220808212	0.186938760139235	0.269304783201982	0.16792877111124	0.129525332342728	0.478390191276461
TCGA-CW-6090	11	0.0595068940428606	0.048050388178984	0	0.00298804410872814	0.00132180817955336	0.137746365463973
TCGA-CW-6090	01A	0.0821243153909748	0.0934721978467613	0.201497201057032	0.130527282217739	0.306518423398517	0.449281542689036
TCGA-CW-6093	01A	0.0733412999019073	0.160996540658934	0.325398161002722	0.148991154910957	0.0642514208149716	0.515362449530809
TCGA-CW-6097	01A	0.256150595281607	0.465647647369923	0.274449171774739	0.252418309816679	0.280410249644695	0.843687596850569
TCGA-CZ-4853	01A	0.0857376693876157	0.110172173049329	0.0717375270106523	0.0797345161411866	0	0.262481211696246
TCGA-CZ-4854	01A	0.0804787110246985	0.145188772161351	0.0594817856696821	0.0875648482416392	0	0.330131295966531
TCGA-CZ-4856	01A	0.139752509269036	0.0921924321442776	0.363715359441828	0.109588082951369	0.0599374555293858	0.536788175119004
TCGA-CZ-4857	01A	0.11004636972873	0.164752775526021	0.0826302696471192	0.120271103547516	0.0887448611710642	0.517507753149371
TCGA-CZ-4858	01A	0.124348254766561	0.0804731304634618	0.414261816313567	0.162603335410112	0.0295394174276701	0.676803415155862
TCGA-CZ-4859	01A	0.107105408913626	0.0691245871879771	0.107485117368382	0.051862373954982	0	0.296262737199275
TCGA-CZ-4860	01A	0.110655397900845	0.00924455734416016	0.106097419908567	0.068000065934993	0	0.477571893804601
TCGA-CZ-4861	01A	0.200253233392796	0.0826292999178152	0.132512429462797	0.203584099669132	0.27082525334423	0.88374316566846
TCGA-CZ-4862	01A	0.351632490319787	0.42510261377954	0.611173158688377	0.258140658331132	0.234354871871134	1.08031557679219
TCGA-CZ-4863	11	0.281226891400925	0.128525583848603	0.180472070245163	0.00536960887718341	0.0418592506777815	0.388070809466295
TCGA-CZ-4863	01A	0.248784849768859	0.15336940108008	0.716252702771025	0.186650735717703	0.0186851506901416	1.01342144543995
TCGA-CZ-4864	11	0.0319732831309275	0.0175206669618556	0	0.00876849633376611	0	0.12152615484038
TCGA-CZ-4864	01A	0.156266489978264	0.188969460795583	0.511118234775642	0.222499483099956	0.281583443111066	0.846610731649261
TCGA-CZ-4865	11	0.154790054230524	0.138176949707519	0.0737830067930744	0.0394383885638062	0.078640219797874	0.321372068994761
TCGA-CZ-4865	01A	0.148604722736845	0.0934575356209134	0.370703708593127	0.146631670329647	0.138568943584302	0.57734071895159
TCGA-CZ-4866	01A	0.16451301752348	0.0666839437682353	0.0259888814105147	0.114036653364698	0.194468330251854	0.414710872605139
TCGA-CZ-5451	11	0.0325749647113686	0.0504866161383787	0	0.00376125150013811	0.0133707337944502	0.145029725207237
TCGA-CZ-5451	01A	0.0596514679045818	0.116434152297345	0.251841436324689	0.107836789444729	0.0796247711255607	0.346355600639475
TCGA-CZ-5452	11	0.122179986101307	0.11462062196373	0	0.0129133864519884	0.00710813919167002	0.221907581901562
TCGA-CZ-5452	01A	0.249225029509947	0.28183809012375	0.51568317435299	0.152018171586564	0.0649739439684687	0.697390016724689
TCGA-CZ-5453	11	0.163680812207226	0.111165926629361	0.0623438863676659	0.0210538309265633	0.0321442211204291	0.331018771238877
TCGA-CZ-5453	01A	0.0647042641811686	0.0420453343005655	0.0259582088186919	0.030398288468675	0	0.210886304910874
TCGA-CZ-5454	11	0.111937224455617	0.137863111983975	0.012598884140751	0.0195409227860842	0.0595782660704739	0.228975071894906
TCGA-CZ-5454	01A	0.118758929997822	0.0430011772116773	0.194859798201323	0.100117716667565	0.291165144457314	0.711899336932529
TCGA-CZ-5455	11	0.139178400279927	0.0905241274173082	0.0288217413994477	0.00933886052955351	0.0558242867546642	0.171467452891297
TCGA-CZ-5455	01A	0.178745564734294	0.123809135110011	0.604690822389538	0.276547191968393	0.263231417196799	0.919935542933247
TCGA-CZ-5456	11	0.104216830935056	0.101823444592273	0.00578044565458795	0	0	0.133592293396567
TCGA-CZ-5456	01A	0.178065362843857	0.131728124556764	0.152351413018902	0.118674692083158	0.155347741146894	0.49459132285626
TCGA-CZ-5457	11	0.165800388878969	0.128620549422453	0.0182754174288043	0.0214221930933886	0.018059034703957	0.278674289464041
TCGA-CZ-5457	01A	0.155756393193492	0.0531560977967303	0.210819076834054	0.0610458031993013	0.0708054977952679	0.514929178332571
TCGA-CZ-5458	11	0.124899586704337	0.117647688004222	0.031601347573133	0.0214863971095129	0.00919889126533551	0.220399560202893
TCGA-CZ-5458	01A	0.0626471725572181	0.173177746865983	0.245362323691141	0.14657558769212	0.118516387069331	0.397479122825002
TCGA-CZ-5459	01A	0.0765078947471929	0.0921926274138295	0.0686597936669564	0.0795166438863855	0	0.236654045486844
TCGA-CZ-5460	01A	0.162097151338447	0.144270304607344	0.136761402637766	0.0712569608951415	0	0.457987575049516
TCGA-CZ-5461	11	0.10108064367178	0.0911861134657996	0.0415074632112694	0.0410251731552354	0.0833473778131199	0.200292455466682
TCGA-CZ-5461	01A	0.120015121552984	0.145063489822688	0.152322512251884	0.146283319611472	0.145290058027557	0.555276104380417
TCGA-CZ-5462	11	0.156900394119336	0.115813275373842	0	0.0225755281034714	0.0193997287469723	0.29680678378926
TCGA-CZ-5462	01A	0.166025195581226	0.102621574280982	0.0419845333314245	0.221650653831862	0.00849671146140167	0.559392628265025
TCGA-CZ-5463	11	0.137757901328864	0.110337942154447	0.0188381792737122	0.0179669584748107	0.036138412146771	0.298532066912459
TCGA-CZ-5463	01A	0.239657358031111	0.0261601833665682	0.231097192553064	0.0707075265988849	0.0623461984132587	0.624725867791465
TCGA-CZ-5464	01A	0.175020553442991	0.184443422858346	0.28421969853945	0.120998683475422	0.0783743655291628	0.69945115587291
TCGA-CZ-5465	11	0.181951034597237	0.124806480205193	0.057951554654314	0.0100340384717612	0.102096703812242	0.21484944071548
TCGA-CZ-5465	01A	0.108966402379516	0.0394366058815964	0.0462367894392043	0.05792434430156	0	0.327913988628883
TCGA-CZ-5466	11	0.0871356814223612	0.0833619644915717	0.0219541599039458	0.0411155016395433	0.0542841279429441	0.224026220896226
TCGA-CZ-5466	01A	0.210301679024708	0.213174440474811	0.0784837372306065	0.0567086639546571	0.069621370470431	0.730047657019207
TCGA-CZ-5467	11	0.111770264476344	0.09572724226068	0.0344416885388394	0.0162174801293822	0.0209843395785007	0.208270312824165
TCGA-CZ-5467	01A	0.0552778141725047	0.109643320946227	0.152125706863791	0.0698198004549352	0.0448902119425237	0.425003275469243
TCGA-CZ-5468	11	0.107707387879195	0.165226693096399	0	0.0346235626128553	0.0604553302999508	0.234810786730012
TCGA-CZ-5468	01A	0.0749350874246128	0.0753642952707742	0.129779013037134	0.0994465574334755	0.065988054568327	0.413307935475924
TCGA-CZ-5469	11	0.202085478408308	0.120694719877522	0.0571094396748002	0.00910145779508966	0	0.251387267060397
TCGA-CZ-5469	01A	0.0356331071098269	0.0596695526957881	0.0435202766185484	0.0109322444924415	0	0.246991651220609
TCGA-CZ-5470	11	0.0991030198253696	0.101778984670288	0.0147397345170827	0.0298307660135863	0.0623751936558106	0.228429315640429
TCGA-CZ-5470	01A	0.0763810995665262	0.116925537375585	0.201020661642622	0.140984009278299	0.0596775179667362	0.496935832667334
TCGA-CZ-5982	11	0.0125148501291949	0.000127476042132601	0	0	0	0.0218101206905389
TCGA-CZ-5982	01A	0.142272272651074	0.181916675132002	0.185158023416356	0.123682749126536	0.0243819460495769	0.534421656539182
TCGA-CZ-5984	11	0.0265619895271937	0.0829445036670766	0	0.0141861940685584	0.0273203416830729	0.156120258335581
TCGA-CZ-5984	01A	0.115416463645008	0.212442825485388	0.133723596240459	0.134489275009656	0.0972286160005827	0.530484626835109
TCGA-CZ-5985	11	0.0285873517343022	0.00823542015459988	0	0	0	0.0512248712732322
TCGA-CZ-5985	01A	0.240978754574942	0.11990600283237	0.208124249279931	0.195283318297935	0.314780049910545	0.666390513402404
TCGA-CZ-5986	11	0.0333013450601445	0.0678279286106013	0	0.00647410067637574	0.0026083360252193	0.16462156583484
TCGA-CZ-5986	01A	0.123034044073238	0.090711320462247	0.148149002742103	0.102594116569424	0.0642965670287072	0.508667347277194
TCGA-CZ-5987	11	0.0990237205471622	0.136836395526913	0.173433748475582	0.144722140850844	0.180207825969013	0.468897427384227
TCGA-CZ-5987	01A	0.0980976283966439	0.13777426266482	0.0978443007917726	0.116034092344955	0.000170720458136251	0.452519543866712
TCGA-CZ-5988	11	0.0212393458074535	0.0477586611884462	0	0.00156613926114838	0.00442775396653837	0.11038002029006
TCGA-CZ-5988	01A	0.173010015991951	0.16212567694982	0.303991070157513	0.127358036722312	0.0755872439661231	0.493367466770159
TCGA-CZ-5989	11	0.128682770220521	0.224657324189804	0.0403262731814854	0.0438267357609286	0.148181229695337	0.33700345302646
TCGA-CZ-5989	01A	0.157093408410909	0.238229648364891	0.55596461495128	0.314771884242237	0.633363152268651	0.463684226062821
TCGA-DV-5565	01A	0.015143355774678	0.13400909486652	0.171191311542998	0.0841739842208347	0	0.446202314134671
TCGA-DV-5566	01A	0.135792070345121	0.1073096324107	0.0614457760793002	0.0782274004852491	0.00533326993722673	0.389377214453099
TCGA-DV-5567	01A	0.0245706168339219	0.158873321200965	0.0804610400447285	0.0777695992076255	0.0516336565716631	0.272289348366648
TCGA-DV-5568	01A	0.0509803667623005	0.114986716392545	0.231593123446363	0.0798052003650887	0.0429574815739877	0.375217452858611
TCGA-DV-5569	01A	0.114168893066559	0.103952218570869	0.210431483614687	0.117648067797828	0.0542423295547192	0.568914595077785
TCGA-DV-5573	01A	0.167591135372531	0.0569217471664204	0.999404324614017	0.156648796500151	0.196159287056931	0.839397448367474
TCGA-DV-5574	01A	0.0729463852346363	0.195657690609545	0.517467076390875	0.200630738192967	0.475177551187448	0.677024386807646
TCGA-DV-5575	01A	0.14628727468904	0.163517412625832	0.31596843447748	0.10149149125813	0.145393591921799	0.585953111554387
TCGA-DV-5576	01A	0.0486092417055247	0.13744146972269	0.0790711034530706	0.0799789818854739	0	0.267444554218985
TCGA-DV-A4VX	01A	0.0479810371112921	0.0230733513450942	0.00100939465483395	0.0616388474436502	0	0.161125097550527
TCGA-DV-A4VZ	01A	0.13587522492255	0.163549203912572	0.0530861741192513	0.0510862061078459	0	0.237145505683485
TCGA-DV-A4W0	05	0.0278784507825487	0.168802701588154	0.0695891594872163	0.11346005609823	0.00487932860663639	0.275139216368243
TCGA-DV-A4W0	01A	0.0594569362235127	0.0824783105707712	0.0839386781441795	0.122515487669674	0.0177810213263688	0.319404834505175
TCGA-EU-5904	01A	0.0773746403144675	0.15209737296102	0.193490321456791	0.155069785980094	0.0746109450282282	0.404067533907301
TCGA-EU-5905	01A	0.135268695971821	0.0851526250729334	0.102638303929819	0.0872997705842138	0.131034948615819	0.45272732940983
TCGA-EU-5906	01A	0.0863095232024771	0.160589848137458	0.223383850180483	0.164027771676803	0.189683153411672	0.590687510607788
TCGA-EU-5907	01A	0.132888646460382	0.0583225189689898	0	0.0563515797838025	0	0.338777917479276
TCGA-G6-A5PC	01A	0.0477570876609301	0.0202990253920322	0.11745812640358	0.00572736373804371	0	0.156516414913584
TCGA-G6-A8L6	01A	0.0362511775069142	0.139394378103736	0.116200809310885	0.10835496620752	0	0.369935950453129
TCGA-G6-A8L7	01A	0.05320517341469	0.15973604137397	0	0	0	0.119899486507513
TCGA-G6-A8L8	01A	0.0466104321119066	0.104565168984285	0.0241991008109076	0.0713657345795887	0	0.0812442315545362
TCGA-GK-A6C7	01A	0.0621826970549647	0.172186507832093	0.270659295872528	0.162541799055343	0.0388283522321868	0.473850311825072
TCGA-MM-A563	01A	0.101391317303816	0.297690028059111	0.230770936420439	0.199267293962786	0.149820409971157	0.647597483897036
TCGA-MM-A564	01A	0	0.0682828365405063	0.0522973349432324	0.0353604000311081	0	0.151829560697941
TCGA-MM-A84U	01A	0.0677053613870725	0.159007633267347	0.00120608568130899	0.0747345988065318	0	0.246783204350273
TCGA-MW-A4EC	01A	0.0634276328330995	0.13484148654616	0.106335166492094	0.0674704379696602	0	0.347092925648908
TCGA-T7-A92I	01A	0.0067440083002999	0.151940131517876	0	0	0.152792563159383	0.513058020256346
